ammotype;;0;0;0;0;0;0;0;0
chill;;0;1;0;0;0;0;0;0
correlate;;0;1;0;0;0;0;0;0
curry;;0;0;0;0;0;0;0;0
decompose;;0;1;0;0;0;0;0;0
Define;;0;0;0;0;0;0;0;0
doubt;;0;1;0;0;0;0;0;0
formalize;;0;1;0;0;0;0;0;0
getinstance;;0;0;0;0;0;0;0;0
holds;;0;2;0;0;0;0;0;0
lame;;0;0;0;0;0;0;0;0
overlap;;0;1;0;0;0;0;0;0
permute;;0;1;0;0;0;0;0;0
premise;;0;1;0;0;0;0;0;0
regress;;0;1;0;0;0;0;0;0
shear;;0;1;0;0;0;0;0;0
stratify;;0;2;0;0;0;0;0;0
uncompress;;0;1;0;0;0;0;0;0
valies;;0;0;0;0;0;0;0;0
alarm;0;0;0;6;4;0;0;0;0
amount;0;0;0;19;8;1;0;4;1
arrays;0;0;0;10;0;0;0;0;0
authenticate;0;0;5;1;0;0;0;0;0
beat;0;0;0;14;3;0;0;1;0
boost;0;0;2;0;0;1;0;0;2
breaks;0;0;1;4;2;0;0;0;0
bundle;0;0;0;22;7;6;0;6;7
characters;0;0;6;10;2;0;0;2;1
closure;0;0;3;16;11;0;0;0;2
clusters;0;0;0;14;7;0;0;0;0
complement;0;0;2;1;0;0;0;0;0
continues;0;0;0;1;0;0;0;0;0
counters;0;0;0;5;0;0;0;0;0
covers;0;0;1;0;1;0;0;4;7
detail;0;0;0;16;16;24;0;5;7
dimension;0;0;1;14;30;8;0;3;4
effects;0;0;0;8;9;0;0;0;0
enabled;0;0;0;0;35;5;0;0;5
erase;0;0;3;1;0;0;0;0;0
feel;0;0;0;19;6;0;0;2;0
generalise;0;0;1;1;0;0;0;0;0
inputs;0;0;1;14;0;0;0;1;0
intercept;0;0;4;1;0;0;0;0;0
jok;0;0;0;0;1;0;0;0;0
levels;0;0;0;7;1;0;0;2;0
neighbors;0;0;2;7;1;0;0;0;0
outputs;0;0;1;12;0;0;0;0;0
overflow;0;0;1;2;0;0;0;3;0
overflows;0;0;0;2;0;0;0;2;0
performed;0;0;0;0;1;0;0;0;1
permit;0;0;2;0;0;1;0;0;0
rack;0;0;0;0;2;1;0;0;1
radio;0;0;1;0;18;2;0;1;38
satisfies;0;0;1;1;0;0;0;0;0
selects;0;0;0;14;0;0;0;1;0
sends;0;0;0;0;1;1;0;0;0
spring;0;0;0;4;3;1;0;0;1
states;0;0;1;19;0;0;0;4;1
stock;0;0;0;1;6;0;0;0;0
subsumes;0;0;1;0;1;0;0;0;0
symbols;0;0;1;8;0;0;0;3;0
tip;0;0;0;24;642;5;0;6;20
twin;0;0;0;0;3;0;0;0;0
util;0;0;0;4;1;0;0;1;1
war;0;0;0;5;0;0;0;0;0
wire;0;0;0;0;37;0;0;0;0
of;0.0016;0;0;82;398;0;1;18;100
by;0.0022;0;0;76;317;1;1;15;39
ammo;0.0032;0;0;261;24;5;1;12;4
with;0.0057;1;0;25;260;2;1;8;47
stroke;0.009;0;0;37;40;17;1;9;5
block;0.0093;1;3;53;95;32;1;13;19
and;0.0103;3;6;3;339;0;1;6;35
lines;0.0104;0;1;61;10;0;1;19;4
time;0.0117;5;11;251;172;50;4;208;70
or;0.0122;2;4;4;190;0;1;5;41
parameter;0.0122;4;4;249;182;16;2;28;8
support;0.0123;2;2;126;13;2;0;19;0
box;0.0126;2;1;52;36;10;2;60;151
selected;0.0132;4;0;0;239;36;0;0;23
level;0.0139;1;1;90;50;2;2;51;17
name;0.0142;13;8;956;200;37;11;367;95
button;0.0149;3;2;120;63;36;6;152;216
item;0.0155;5;2;329;114;14;6;36;197
field;0.0157;2;2;177;109;50;6;61;97
expression;0.016;2;2;171;19;10;3;72;31
menu;0.0166;10;0;186;270;100;4;36;231
panel;0.0168;4;0;328;37;11;6;85;118
short;0.017;2;0;32;48;15;0;7;13
mode;0.0179;2;3;211;33;36;6;95;57
results;0.0183;1;0;46;33;1;1;10;16
rate;0.0185;2;0;63;46;10;1;19;20
project;0.0186;2;0;59;99;16;2;9;25
id;0.0187;12;3;523;72;312;14;281;155
arm;0.02;0;1;2;4;1;1;18;23
anchor;0.0204;0;0;9;19;5;1;10;4
event;0.0207;7;7;147;136;86;2;26;27
names;0.0213;0;1;143;9;1;5;69;2
state;0.0213;3;5;243;84;55;9;124;36
width;0.0214;0;2;169;33;14;9;149;36
dialog;0.0216;1;0;214;29;28;6;33;6
path;0.0216;4;4;235;85;13;5;52;16
types;0.0217;0;0;111;11;0;4;48;6
bounds;0.0218;1;0;107;11;0;2;9;5
at;0.0227;7;0;136;86;45;1;21;54
tool;0.0229;3;0;8;115;14;1;12;20
columns;0.0231;0;2;132;34;7;5;25;8
iterator;0.0235;3;20;152;9;0;1;4;0
long;0.0235;4;0;74;81;23;1;14;14
size;0.0237;15;8;461;102;5;9;349;62
bag;0.0238;1;1;12;18;4;0;6;1
code;0.0242;2;0;93;23;3;2;20;20
hit;0.0243;2;2;37;40;17;1;7;18
strings;0.0243;2;1;59;4;1;0;16;0
style;0.0243;2;0;147;59;18;6;65;25
type;0.0252;25;5;804;219;90;16;290;161
message;0.0253;8;3;266;140;51;6;43;32
weights;0.0256;1;1;33;4;0;0;1;0
icon;0.0256;3;0;130;86;171;10;70;27
impl;0.0258;1;0;76;4;1;2;21;9
alert;0.0263;0;1;8;9;16;1;2;1
stream;0.0263;6;4;169;50;6;1;20;13
selection;0.0264;5;3;93;101;18;2;20;24
tasks;0.027;0;0;36;12;1;2;14;7
score;0.027;1;1;21;14;1;0;0;0
bid;0.0273;0;3;13;17;22;2;13;4
details;0.0275;0;1;71;8;2;3;17;5
color;0.0275;13;3;302;138;41;7;149;70
font;0.0289;2;1;111;101;41;8;49;25
file;0.029;37;1;638;519;153;12;136;182
archive;0.0294;1;3;28;4;1;0;0;0
resources;0.0303;0;0;29;9;13;2;10;1
url;0.0305;11;1;187;73;59;3;86;37
table;0.0316;16;2;207;300;59;9;98;92
listener;0.0318;5;0;992;28;14;36;168;10
delay;0.0319;2;1;20;7;10;1;45;8
piece;0.0324;5;0;45;126;43;5;22;57
info;0.0325;8;6;234;73;19;6;67;17
from;0.0328;20;0;47;592;3;3;6;27
page;0.0328;7;0;118;67;26;3;52;28
margin;0.0333;0;1;26;7;4;3;41;6
object;0.0341;14;0;237;128;35;2;30;20
listeners;0.0342;0;0;234;9;17;14;105;16
club;0.0344;0;1;11;1;0;1;15;0
green;0.0344;0;2;7;2;1;1;17;0
loop;0.0344;0;1;25;4;9;2;3;13
tags;0.0344;0;0;18;2;0;1;5;2
updates;0.0344;0;0;16;5;0;1;6;0
negative;0.0344;1;1;5;12;3;0;4;4
fields;0.0344;2;2;75;15;3;2;13;4
total;0.0346;5;1;11;80;69;2;16;17
label;0.0353;8;1;125;79;15;12;108;206
email;0.0357;0;0;10;7;1;1;5;3
prob;0.0357;3;2;12;17;10;0;2;40
unit;0.0364;11;0;110;164;22;3;27;44
port;0.0364;3;1;67;15;10;4;77;12
limit;0.0365;5;3;67;42;6;3;67;26
spaces;0.037;0;2;23;1;0;1;1;0
xml;0.0372;13;0;120;143;111;2;3;9
access;0.0375;2;0;16;26;10;1;13;11
files;0.0375;4;0;131;57;9;7;57;21
vector;0.0379;2;1;63;6;1;1;5;0
plugin;0.0379;7;0;54;248;58;9;14;23
class;0.0384;32;0;285;324;48;1;111;56
group;0.0387;8;2;127;76;16;4;50;25
all;0.0388;23;1;158;365;25;3;49;44
rule;0.0389;2;0;45;17;1;1;9;1
values;0.0397;3;4;193;50;4;10;53;4
point;0.0398;8;3;132;47;5;2;42;13
points;0.04;0;0;46;9;3;3;7;4
foreground;0.0408;0;0;19;16;3;2;5;2
models;0.04;1;0;15;6;1;0;1;1
task;0.0411;10;1;106;121;32;6;26;82
collection;0.0412;11;0;81;176;1;1;11;9
address;0.0416;5;0;127;21;4;5;46;27
string;0.0418;50;1;817;234;20;3;116;24
property;0.0421;29;3;256;329;18;1;51;27
element;0.0422;17;4;258;108;18;2;27;18
date;0.0425;13;0;174;80;25;5;72;49
bytes;0.0426;15;0;109;86;37;1;82;44
threshold;0.0428;1;0;34;17;0;2;11;3
options;0.043;4;0;102;33;2;5;37;21
more;0.0434;1;0;3;11;2;0;4;2
text;0.0434;61;5;917;240;60;9;155;159
content;0.0443;6;2;108;93;20;7;30;22
resource;0.0443;6;0;62;92;21;5;11;46
symbol;0.0444;2;4;35;5;1;0;1;1
current;0.0447;15;4;22;288;184;12;22;49
plan;0.0447;2;0;23;22;13;1;2;3
handler;0.0448;0;0;122;20;7;10;49;5
rows;0.045;1;15;73;8;3;4;16;2
properties;0.045;2;1;184;37;7;13;59;18
control;0.045;3;0;25;30;9;2;10;30
checks;0.0454;1;0;12;4;0;0;5;0
reply;0.0454;1;0;40;11;13;4;14;23
transition;0.0454;1;2;15;2;0;0;2;2
column;0.0457;26;1;179;327;52;5;26;57
pan;0.0459;4;2;2;5;65;0;10;1
map;0.0461;19;3;196;159;64;14;182;67
border;0.046;3;0;42;37;22;4;27;13
data;0.0467;28;1;416;314;58;20;96;74
sequence;0.0471;3;0;40;31;8;2;14;6
window;0.0472;7;0;69;82;27;4;21;19
found;0.047;4;2;26;18;5;0;27;5
views;0.0476;0;0;31;6;0;3;18;2
author;0.0476;2;1;22;38;0;2;9;9
snipe;0.0476;2;0;19;20;11;1;5;4
value;0.048;32;38;695;206;26;26;148;49
space;0.048;4;1;34;24;2;1;18;20
entity;0.049;18;2;133;203;19;2;5;26
title;0.0494;4;0;74;41;15;5;25;13
location;0.049;5;3;151;41;8;8;29;15
top;0.0495;4;1;28;68;21;6;43;26
white;0.05;0;1;1;9;3;1;4;1
step;0.0502;6;3;64;57;42;5;8;32
thread;0.0502;7;0;82;54;21;4;30;17
tree;0.0503;12;0;127;117;13;4;17;24
node;0.0503;26;10;263;232;43;7;40;37
last;0.0506;29;4;23;254;337;9;10;79
byte;0.051;10;0;34;120;12;0;6;14
position;0.0513;4;9;126;33;7;9;60;5
as;0.0521;16;1;31;231;7;2;18;38
case;0.0522;6;0;54;50;2;1;17;3
max;0.0523;43;10;37;300;257;3;68;167
div;0.0526;0;0;0;7;4;1;1;5
theme;0.0526;0;0;9;3;0;1;5;0
clock;0.0526;1;4;5;6;4;0;1;2
cur;0.0526;2;0;0;2;32;0;1;1
leaf;0.0526;2;0;21;11;1;0;2;1
user;0.0531;14;2;49;194;42;6;34;31
key;0.053;38;3;300;239;174;14;118;83
me;0.054;1;0;24;2;0;1;8;0
status;0.0541;10;2;131;72;46;9;51;23
help;0.0542;3;3;24;42;15;4;35;2
line;0.0543;25;9;160;209;41;5;49;58
row;0.0546;17;4;141;153;27;7;30;57
image;0.0546;24;0;261;148;44;8;49;44
pattern;0.0546;3;3;43;9;15;4;43;7
count;0.0548;43;10;455;33;8;6;325;18
config;0.054;9;1;66;82;79;7;16;30
array;0.0549;18;1;229;72;4;3;39;14
single;0.0551;6;0;19;74;10;1;5;11
words;0.0555;1;1;6;8;0;0;3;0
instances;0.0555;4;0;69;43;0;3;4;0
action;0.0566;45;10;510;122;27;6;154;31
home;0.0569;5;1;18;51;23;2;4;18
initial;0.0569;6;0;4;62;25;1;7;17
mine;0.0571;2;0;5;9;7;0;8;4
in;0.057;34;7;49;433;27;8;43;134
cover;0.0579;3;0;16;9;11;1;24;4
source;0.0583;9;1;133;124;17;14;29;54
view;0.0584;19;0;180;103;117;14;68;50
component;0.0585;6;0;119;45;1;7;35;2
skew;0.0588;0;0;4;5;4;1;0;2
leg;0.0588;1;0;3;11;2;1;12;3
shape;0.0588;3;0;36;31;2;2;6;3
server;0.0592;6;0;40;99;51;10;10;44
scrape;0.0609;5;6;7;26;17;0;9;18
background;0.061;4;1;28;64;6;4;7;14
entry;0.0614;17;8;178;73;6;1;8;9
prefix;0.0621;5;3;58;17;6;5;57;8
double;0.0625;10;2;79;79;11;3;11;12
trade;0.0625;3;2;9;36;0;0;0;0
changed;0.0625;4;0;0;43;1;0;0;16
branch;0.0645;1;1;15;5;1;1;4;3
ranges;0.0645;2;0;24;2;0;0;3;0
shell;0.0645;3;1;35;9;7;1;4;2
exists;0.0645;4;12;52;12;0;2;19;2
join;0.064;7;16;47;53;4;1;5;7
not;0.0648;16;2;8;127;59;1;3;47
colors;0.0652;1;0;25;8;0;2;7;1
batch;0.0655;3;0;18;36;2;1;0;0
torrent;0.0659;9;0;65;101;47;10;22;24
function;0.0662;8;3;78;52;17;4;11;7
seed;0.0666;5;0;0;21;11;0;0;38
result;0.067;11;3;133;109;18;14;52;22
sample;0.0677;3;3;18;27;4;1;3;2
char;0.0679;13;0;57;78;8;1;37;11
exception;0.0679;6;4;123;32;11;8;15;3
core;0.0681;4;0;16;56;31;5;7;8
weight;0.0684;8;2;40;58;15;2;16;5
pack;0.0689;1;3;17;9;0;1;0;0
part;0.0689;4;0;16;28;0;0;4;6
peer;0.0696;13;0;54;79;52;7;13;62
list;0.0704;50;16;385;159;34;12;175;53
phrase;0.0714;1;0;11;1;0;0;1;0
reject;0.0714;1;0;0;1;5;0;0;7
min;0.0719;35;9;26;189;122;3;52;98
connection;0.0727;11;1;126;80;33;13;31;23
link;0.0733;17;2;81;83;11;2;35;28
comment;0.0738;6;3;71;40;4;5;13;5
handles;0.074;1;1;20;0;1;1;3;0
plain;0.074;1;0;3;11;2;1;7;1
manager;0.0742;0;0;163;36;14;30;110;21
right;0.0746;9;2;37;60;40;11;43;57
range;0.0748;13;2;104;56;11;4;25;10
profile;0.075;3;0;14;17;2;0;4;0
command;0.0753;14;0;74;33;78;5;19;24
attributes;0.0753;3;2;154;27;4;16;28;4
buffer;0.0761;2;0;56;22;24;14;36;42
hold;0.0769;1;0;1;6;9;1;4;3
turn;0.0769;7;0;49;20;9;1;14;3
attribute;0.0777;37;6;229;139;50;1;14;18
actions;0.0781;2;1;87;7;0;8;16;0
note;0.0789;2;0;22;8;2;1;2;0
jump;0.0795;6;5;7;24;16;1;14;19
frame;0.0798;15;1;130;56;15;8;39;17
body;0.081;1;0;19;10;0;2;2;1
cost;0.081;4;0;39;17;1;2;9;0
default;0.0818;67;0;63;365;239;8;84;82
empty;0.0828;8;2;49;52;22;5;11;5
handshake;0.0833;3;1;9;4;9;1;12;9
cache;0.0837;25;1;89;105;50;9;59;60
context;0.0841;3;1;102;46;8;15;18;7
option;0.0842;10;0;75;91;16;12;25;20
back;0.0843;7;2;24;22;14;0;7;9
java;0.0849;8;0;7;52;22;1;3;12
commit;0.0851;3;6;13;15;2;1;10;2
model;0.0854;14;1;218;93;20;27;70;11
counts;0.0857;1;0;18;4;0;2;7;1
equals;0.0857;6;48;49;5;4;0;3;3
root;0.08;6;1;54;81;27;12;21;12
error;0.0865;39;32;181;144;53;8;54;56
extreme;0.0869;2;0;0;16;2;0;2;1
invert;0.0869;2;3;4;4;2;0;5;6
input;0.0877;16;2;49;114;25;4;6;10
password;0.0882;5;0;38;36;11;7;24;8
host;0.0884;6;4;42;25;10;4;21;1
focus;0.0897;5;0;21;23;5;2;7;13
tile;0.0902;13;0;44;66;16;0;2;3
difference;0.0909;0;3;7;1;0;1;1;0
contain;0.0909;1;0;2;8;0;0;0;0
eliminate;0.0909;1;0;2;8;0;0;0;0
job;0.0909;1;0;5;4;0;0;1;0
err;0.0909;3;1;9;9;8;2;5;17
index;0.0911;54;9;289;126;36;6;129;12
hex;0.0923;10;1;43;28;21;2;9;15
document;0.0938;8;0;93;53;10;12;14;11
exit;0.094;10;3;35;18;6;1;18;28
suffix;0.0943;1;3;30;4;1;4;8;1
sub;0.0943;14;4;10;100;15;1;5;13
lower;0.0943;5;1;10;26;1;0;6;5
highlight;0.0945;6;5;25;27;6;1;3;5
digest;0.0952;2;2;14;7;6;2;8;1
alter;0.0952;3;3;3;28;0;1;6;0
first;0.0957;27;3;50;160;60;7;12;32
zoom;0.09;6;4;11;40;8;3;8;21
number;0.0963;37;2;156;108;16;3;47;45
edge;0.09;7;0;29;42;17;3;1;9
mouse;0.099;19;0;5;110;21;1;2;43
man;0.1;0;0;0;2;0;1;6;0
transitions;0.1;0;1;3;1;0;1;4;0
game;0.1011;16;0;34;70;26;2;5;23
for;0.1015;79;0;68;543;10;1;6;80
base;0.1022;16;0;40;85;27;7;24;19
form;0.1025;3;2;18;9;1;1;5;1
power;0.1052;1;0;5;5;1;1;3;2
figure;0.1052;5;0;24;18;0;1;6;2
target;0.1054;5;3;73;82;41;26;25;16
lock;0.1063;11;10;30;45;11;4;25;11
mask;0.1071;2;0;16;5;0;4;21;4
quote;0.1071;4;3;13;20;2;2;6;7
labels;0.1;1;0;37;6;1;7;20;1
filters;0.1111;1;0;21;1;0;3;7;0
probs;0.1111;1;1;6;1;0;0;0;1
square;0.1111;1;4;4;0;2;0;2;0
opt;0.1111;2;0;0;9;2;0;2;3
distance;0.1111;8;13;36;30;4;4;15;7
query;0.1134;25;3;78;89;5;2;25;12
queue;0.1147;16;3;40;22;9;5;48;38
experiment;0.1153;2;0;14;8;0;1;0;0
buffers;0.1176;0;0;5;1;2;2;3;2
letter;0.1176;0;0;7;5;1;2;0;0
program;0.1176;0;1;6;5;2;2;0;0
ti;0.1176;1;0;0;10;2;1;1;1
gain;0.1176;2;1;11;0;0;0;4;0
download;0.1176;39;22;64;145;64;7;15;50
bin;0.1176;4;0;6;16;4;0;1;3
phase;0.1176;7;0;16;6;26;1;7;4
trace;0.11;8;7;43;8;19;3;11;5
folds;0.1;2;0;10;8;0;0;0;0
shuffle;0.1212;3;13;2;6;0;1;18;2
hash;0.1229;13;7;45;48;10;9;29;16
windows;0.125;3;0;8;5;3;2;6;11
graph;0.1262;11;5;35;41;0;2;12;0
end;0.1263;55;5;116;163;42;13;71;65
parent;0.1264;3;1;83;75;17;30;13;10
repeat;0.1272;2;5;8;12;2;5;19;2
auction;0.1272;6;0;21;10;9;1;3;4
sql;0.1286;38;3;37;120;89;2;14;9
ignore;0.1287;15;2;6;63;20;2;2;22
ready;0.129;7;4;14;16;7;1;8;8
override;0.1;3;0;9;1;4;0;9;4
free;0.1309;9;0;6;41;4;2;3;17
instance;0.1325;16;2;418;76;5;76;20;7
break;0.1333;5;0;4;20;12;1;1;1
debug;0.1356;23;5;16;52;70;4;10;20
res;0.1363;2;0;1;2;5;1;1;9
look;0.1372;7;0;1;36;4;0;0;3
keep;0.1379;6;0;5;11;19;2;1;12
search;0.1386;34;28;70;82;27;4;28;25
track;0.139;20;3;20;52;11;1;11;35
equal;0.141;10;2;35;25;0;1;6;0
auctions;0.1428;0;0;4;0;0;1;1;0
contents;0.1428;1;3;27;3;2;8;13;1
void;0.1428;1;0;3;4;1;1;2;1
include;0.1428;6;5;0;28;5;1;1;7
head;0.14;3;1;14;5;8;4;11;1
stack;0.144;15;3;17;49;8;3;19;11
filter;0.1451;36;8;111;74;9;10;55;12
output;0.145;27;6;39;104;11;2;9;6
return;0.1489;13;0;16;36;9;1;5;13
ghost;0.1538;1;0;2;3;5;1;0;0
underline;0.1538;1;0;4;1;0;1;5;0
redo;0.1538;3;4;6;13;6;3;4;1
indent;0.1553;13;6;11;47;19;3;2;5
counter;0.1568;4;2;10;6;2;4;17;4
scale;0.1571;18;7;44;28;19;4;18;5
contact;0.1;6;0;34;40;8;5;6;6
request;0.1603;64;5;137;80;46;8;37;69
second;0.1607;14;1;17;39;12;4;14;8
car;0.1666;1;0;2;3;0;0;0;0
clip;0.1666;8;1;14;16;4;0;4;2
to;0.1699;354;0;168;1270;31;3;18;254
undo;0.1702;12;3;11;34;17;4;6;6
round;0.1714;10;5;21;8;8;2;13;6
fluff;0.1764;0;0;6;0;2;3;2;1
estimate;0.1785;10;0;18;4;3;0;8;13
ball;0.1818;2;0;2;6;0;0;1;0
browse;0.1818;6;0;2;6;0;0;8;11
cluster;0.1851;10;2;5;37;1;0;1;0
true;0.1875;2;0;9;16;1;7;5;1
rank;0.1875;6;2;13;2;5;0;3;3
damage;0.1913;19;1;39;26;10;3;11;4
controller;0.1914;2;0;46;10;1;25;31;1
match;0.2017;21;9;26;30;17;2;11;5
escape;0.2025;14;2;13;39;1;2;6;2
dot;0.2051;6;0;7;13;2;2;3;4
scroll;0.2057;32;12;31;36;12;4;31;25
fetch;0.2098;16;8;10;43;4;1;3;3
stable;0.2;1;0;0;2;0;0;0;2
start;0.2102;141;20;119;202;69;15;85;96
east;0.2105;2;5;4;3;0;2;6;0
resize;0.2117;18;7;13;14;9;0;2;29
num;0.2119;94;0;38;226;57;2;22;12
warehouse;0.2222;2;0;2;5;0;0;0;0
secure;0.2222;4;0;4;4;2;0;0;4
tag;0.2241;50;8;73;42;19;2;30;14
align;0.2261;17;2;6;9;15;2;7;26
drop;0.2275;32;8;13;58;14;1;12;14
shift;0.2307;17;9;21;17;6;1;7;8
preserve;0.2307;3;0;0;4;3;0;2;1
call;0.233;23;11;25;23;4;1;13;13
disconnect;0.2333;6;8;8;3;4;1;3;4
forward;0.234;10;4;10;12;4;1;6;3
cut;0.2352;10;7;2;20;1;2;10;4
splash;0.2352;3;3;4;5;2;1;0;1
next;0.238;111;32;44;208;55;18;52;36
tests;0.238;4;0;5;3;2;1;3;2
publish;0.2391;11;4;4;9;9;0;8;5
mean;0.2424;8;3;5;20;0;0;0;0
use;0.2425;73;0;18;126;51;0;11;22
noise;0.2;5;0;6;11;0;0;3;0
lang;0.25;0;6;1;1;0;1;0;0
partition;0.25;1;11;1;2;0;1;1;1
goto;0.25;12;0;8;20;4;1;0;6
advance;0.25;2;5;4;2;0;0;0;0
bias;0.25;2;1;5;2;1;1;0;0
grow;0.25;2;6;2;5;1;1;0;0
snap;0.25;2;1;1;3;1;0;0;1
balance;0.25;3;1;2;6;0;0;1;0
connect;0.25;31;24;16;31;20;1;11;17
transform;0.253;19;14;41;15;0;2;1;3
fast;0.25;4;0;2;3;3;0;1;3
fold;0.25;4;0;2;9;0;0;1;0
heap;0.25;4;0;6;5;1;1;1;1
times;0.25;4;5;5;3;0;0;3;1
minimize;0.25;5;2;2;6;3;0;4;0
format;0.2571;123;39;160;68;20;3;62;51
train;0.25;8;3;10;14;0;0;0;0
edit;0.2602;34;5;31;35;17;4;9;12
sign;0.2608;5;6;4;4;2;1;4;2
plot;0.2631;14;1;23;16;2;1;0;0
report;0.2646;75;5;38;97;21;2;21;35
prompt;0.2647;15;1;18;11;2;3;12;4
drag;0.2714;19;0;7;21;11;0;6;6
paste;0.2727;10;11;2;11;2;2;9;6
bit;0.2765;13;0;11;14;5;0;1;3
unpack;0.2777;5;2;3;10;0;0;0;0
bubble;0.2857;1;0;1;2;0;1;1;0
interrupt;0.2857;2;1;1;1;1;0;1;1
race;0.2857;2;0;3;2;0;0;0;0
recall;0.2857;2;1;2;3;0;0;0;0
change;0.2881;135;2;81;139;19;1;45;51
pop;0.3043;13;11;3;15;2;1;7;4
finish;0.3043;14;5;8;12;3;0;4;5
quit;0.3055;10;6;12;3;5;1;4;0
on;0.3058;165;1;36;244;5;2;38;54
display;0.3115;79;7;39;89;21;2;7;21
sort;0.3131;57;36;34;58;12;0;10;11
reverse;0.3142;10;6;8;6;4;1;4;1
new;0.3167;222;1;19;278;84;1;32;67
compile;0.3177;34;16;11;35;9;0;8;10
warn;0.3181;7;8;1;1;10;0;3;0
select;0.3196;112;24;60;103;36;5;17;28
increment;0.3255;25;4;16;14;5;3;8;12
center;0.3;26;6;19;24;10;10;7;14
cancel;0.331;43;10;11;16;18;6;33;15
overlaps;0.3333;0;1;0;0;0;1;1;0
horn;0.3333;1;0;0;2;0;0;0;0
lift;0.3333;1;0;0;0;0;0;0;2
predict;0.3333;1;1;2;0;0;0;0;0
recognize;0.3333;1;2;0;2;0;0;0;0
relabel;0.3333;1;0;2;0;0;0;0;0
ridge;0.3333;1;0;2;0;0;0;0;0
compress;0.3333;2;3;2;2;0;0;0;0
traverse;0.3333;3;2;3;0;2;0;0;1
reversed;0.3333;4;0;0;8;0;0;0;0
pad;0.3333;9;3;5;7;1;0;2;3
norm;0.3478;8;4;8;3;1;0;3;0
confirm;0.35;13;1;2;20;0;1;1;2
follow;0.3529;6;0;0;6;3;0;0;2
wait;0.3604;31;1;8;5;20;0;10;12
concat;0.3636;2;3;3;1;0;2;1;0
force;0.3636;30;1;9;20;20;2;0;5
less;0.3636;8;2;0;9;0;0;0;5
split;0.3658;44;14;23;34;5;1;5;10
enter;0.3709;22;5;14;13;5;1;4;2
flush;0.375;26;1;19;20;3;1;1;1
hill;0.375;3;0;0;5;0;0;0;0
randomize;0.375;3;4;2;3;0;0;0;0
store;0.375;45;11;30;20;4;3;7;16
engine;0.3765;54;0;27;25;25;7;13;4
measure;0.3787;25;1;21;19;0;0;1;0
log;0.3841;131;38;54;62;42;10;24;34
cross;0.3846;13;1;1;18;1;2;1;1
move;0.3867;152;18;27;78;93;0;13;30
decrease;0.3888;7;0;1;1;3;0;2;4
close;0.3911;112;30;29;60;28;3;26;33
restart;0.3947;13;3;5;4;6;2;4;2
lookup;0.3953;48;12;29;17;6;3;13;10
switch;0.4078;30;0;18;14;5;1;1;6
insert;0.4117;124;39;39;100;21;2;12;6
place;0.4;12;1;4;13;1;0;0;0
divide;0.4166;4;8;2;3;0;1;1;0
kill;0.4166;5;2;3;2;0;0;2;0
intersects;0.4;2;9;3;0;0;0;0;0
makes;0.4;2;0;0;3;0;0;0;0
unify;0.4;2;0;0;3;0;0;0;0
correct;0.4285;17;3;6;13;0;1;0;4
exclude;0.4285;5;1;0;3;2;1;2;0
swap;0.4;3;7;1;3;0;1;1;0
increase;0.4324;16;1;1;5;3;0;4;8
normalize;0.4324;16;10;6;15;0;0;0;0
skip;0.4342;31;5;3;10;10;2;6;12
launch;0.4347;10;7;8;1;0;0;2;2
interpret;0.4375;7;8;3;6;0;0;0;0
need;0.4;4;0;0;0;4;0;0;2
toggle;0.4418;37;3;3;15;5;1;3;21
combine;0.4444;4;3;1;3;0;0;1;0
detach;0.4444;4;2;0;1;2;0;0;2
delete;0.4474;180;38;59;79;19;3;34;32
record;0.4509;23;2;16;11;0;0;0;1
collapse;0.4545;10;2;6;3;0;0;3;0
fit;0.4545;10;2;2;5;2;0;1;2
define;0.4605;35;2;0;41;0;0;0;0
declare;0.4615;5;0;0;2;0;1;1;3
pause;0.4666;12;4;2;3;3;2;5;1
export;0.4676;91;11;11;49;10;3;9;25
refresh;0.4693;129;24;34;36;9;1;37;30
fill;0.4713;73;8;13;51;10;1;5;3
rebuild;0.4736;9;1;1;0;0;0;3;6
push;0.4745;28;21;7;8;1;0;15;0
open;0.4746;194;33;26;105;19;3;23;42
enable;0.4871;56;5;3;22;14;1;12;8
save;0.489;243;39;39;110;35;3;21;49
trigger;0.4942;40;0;14;8;8;3;7;4
descend;0.5;0;1;0;0;0;1;0;0
comb;0.5;1;0;1;0;0;0;0;0
interpolate;0.5;1;5;1;0;0;0;0;0
obtain;0.5;1;0;0;1;0;0;0;0
refine;0.5;1;3;1;0;0;0;0;0
leave;0.5128;19;0;2;13;1;1;1;1
trim;0.5161;14;8;4;6;0;2;2;1
disallow;0.5;2;0;0;2;0;0;0;0
vote;0.5;2;0;0;2;0;0;0;0
destroy;0.5238;11;11;5;2;1;0;2;0
needs;0.5294;18;0;0;5;9;0;0;2
extend;0.5294;9;1;4;4;0;0;0;0
retain;0.5;3;0;0;0;1;0;2;0
stop;0.5306;76;12;17;30;7;2;7;6
accept;0.5322;33;52;9;6;7;0;6;1
begin;0.5333;30;3;6;7;3;2;7;3
import;0.5353;104;1;18;43;11;2;10;8
replace;0.5365;64;16;7;30;10;2;6;2
wrap;0.5405;19;12;8;5;1;1;1;1
copy;0.5462;116;40;48;21;6;2;10;11
release;0.5492;38;6;8;11;5;1;6;1
reduce;0.55;11;1;5;2;2;0;0;0
revert;0.5555;15;2;0;8;1;0;0;3
upgrade;0.5625;9;2;3;1;1;0;1;1
hide;0.56;27;3;4;6;5;1;2;4
check;0.56;517;23;61;116;41;5;26;161
post;0.5693;78;0;3;47;3;0;3;3
purge;0.5;7;3;0;0;4;0;1;2
reserve;0.5;7;3;2;1;1;0;2;1
dispatch;0.5714;16;9;5;4;3;0;0;0
subtract;0.5714;3;14;0;0;2;1;0;0
receive;0.5714;68;17;11;21;12;0;0;7
bind;0.5803;65;11;7;17;7;0;1;15
assign;0.5813;24;5;2;2;11;1;2;0
prune;0.5833;7;7;4;1;0;0;0;0
merge;0.5853;23;18;7;6;0;1;2;1
disable;0.6056;42;3;5;5;11;1;1;5
abort;0.6;12;3;2;0;1;0;4;1
mark;0.6212;39;3;7;9;1;2;5;1
modify;0.6231;43;4;0;15;1;0;2;8
print;0.625;204;35;26;47;21;6;9;17
neighbor;0.625;5;0;2;1;0;0;0;0
fire;0.6262;123;4;12;8;38;1;10;5
tune;0.6;3;0;0;2;0;0;0;0
read;0.6301;595;70;53;115;59;3;40;81
execute;0.6306;69;47;11;15;1;1;9;4
dispose;0.6315;24;9;2;6;3;0;1;2
clone;0.6363;27;58;11;0;0;1;1;3
intersect;0.6363;6;5;2;0;0;1;1;0
run;0.6417;118;43;10;27;10;2;13;5
contains;0.6484;83;56;14;20;1;0;1;9
validate;0.6507;41;15;10;11;1;0;0;0
fix;0.6538;34;0;1;11;0;0;1;5
paint;0.6551;132;18;41;12;1;1;11;4
update;0.6571;804;85;168;133;43;3;29;45
show;0.6592;443;18;12;101;86;0;6;24
rotate;0.6666;13;6;2;1;0;1;1;2
causes;0.6666;2;0;0;1;0;0;0;0
spin;0.6666;2;0;0;0;0;0;0;1
submit;0.6666;2;1;0;1;0;0;0;0
optimize;0.6666;3;2;0;1;0;1;0;0
substitute;0.6666;4;1;2;0;0;0;0;0
detect;0.6666;6;0;1;2;0;0;0;0
multiply;0.6666;7;12;2;0;0;1;1;0
redraw;0.6666;8;1;2;0;2;0;0;0
init;0.669;276;93;57;28;19;1;14;18
put;0.6842;78;62;8;11;3;0;3;11
recalculate;0.6875;11;1;0;4;0;0;0;1
try;0.6896;19;0;0;4;1;1;1;2
restore;0.6904;29;5;0;1;3;0;5;4
scan;0.6923;36;3;2;5;0;0;4;5
dump;0.6944;50;11;8;2;2;0;7;3
reset;0.7029;168;22;14;27;9;0;5;16
load;0.7039;396;48;47;59;15;1;23;22
install;0.7096;44;6;7;5;1;0;4;1
enumerate;0.7142;10;1;0;4;0;0;0;0
write;0.7171;506;96;36;64;36;1;18;45
send;0.7235;212;20;7;36;20;0;2;16
find;0.7316;427;40;8;70;48;1;3;27
translate;0.7333;21;5;1;6;0;1;0;0
render;0.7358;39;14;4;7;2;0;0;1
strip;0.7368;14;1;1;2;0;0;2;0
handle;0.7422;167;7;18;29;1;0;6;4
clear;0.7509;191;8;5;15;10;2;16;16
is;0.752;1983;1;9;277;283;4;12;70
arrange;0.75;3;3;0;0;1;0;0;0
transpose;0.75;3;5;1;0;0;0;0;0
rename;0.7547;39;14;5;4;1;1;1;1
encrypt;0.75;6;12;0;0;0;0;1;1
decode;0.757;79;37;13;4;3;2;1;3
has;0.7583;411;4;1;40;72;0;0;18
adjust;0.7605;54;5;0;9;2;0;3;3
process;0.7675;307;32;29;32;16;0;6;10
instantiate;0.7;7;17;2;1;0;0;0;0
iterate;0.7727;16;8;3;0;0;1;1;0
reload;0.7727;17;6;2;1;1;0;1;0
construct;0.7735;41;8;2;10;0;0;0;0
invalidate;0.7777;21;6;6;0;0;0;0;0
compare;0.7777;84;69;9;6;6;0;0;3
expand;0.7804;32;5;5;3;0;0;1;0
draw;0.7847;174;16;2;27;10;1;3;5
choose;0.7872;37;2;0;5;2;0;0;3
apply;0.7909;87;15;4;10;6;0;2;1
configure;0.7916;19;11;3;1;0;0;1;0
notify;0.7983;99;8;14;3;6;0;2;0
clean;0.8108;30;4;2;2;1;0;1;1
convert;0.8;115;15;16;8;0;1;3;1
peek;0.8125;13;8;3;0;0;0;0;0
unregister;0.8;16;7;0;4;0;0;0;0
test;0.8219;1452;20;53;134;52;2;34;40
activate;0.8235;14;7;1;0;1;0;1;0
prepare;0.8247;78;10;2;4;4;2;3;2
append;0.8255;71;23;7;6;0;0;0;2
animate;0.8333;10;2;0;0;2;0;0;0
encode;0.8333;67;35;4;3;0;3;2;2
remove;0.8369;988;127;37;81;22;3;25;25
pace;0.8;4;2;1;0;0;0;0;0
build;0.8422;283;8;9;37;6;0;1;0
extract;0.8474;49;5;2;4;0;1;1;1
do;0.8559;308;0;1;35;12;1;1;2
retrieve;0.8571;12;1;1;0;1;0;0;0
serialize;0.8571;18;7;3;0;0;0;0;0
can;0.8571;210;0;0;25;8;0;2;0
propagate;0.8571;6;1;1;0;0;0;0;0
visualize;0.8571;6;1;0;1;0;0;0;0
resolve;0.8666;130;10;7;5;0;0;0;8
initialize;0.8681;79;66;7;4;0;0;1;0
invoke;0.8695;60;32;5;3;0;0;1;0
take;0.875;7;1;0;1;0;0;0;0
generate;0.8765;277;18;2;30;4;0;1;2
classify;0.8;8;1;0;2;0;0;0;0
register;0.8883;174;33;6;9;6;1;0;0
allocate;0.8888;23;1;0;0;1;1;1;0
decrement;0.8888;8;1;0;0;0;0;1;0
sanitize;0.8888;8;1;0;1;0;0;0;0
parse;0.8909;286;67;6;23;1;0;2;3
add;0.911;2620;233;36;120;26;1;19;54
establish;0.923;12;0;0;1;0;0;0;0
supports;0.9242;122;2;0;4;4;0;0;2
make;0.9255;261;7;0;12;6;0;0;3
set;0.9309;7813;81;195;227;32;7;66;53
spawn;0.9333;14;1;1;0;0;0;0;0
assert;0.9342;142;2;3;0;1;0;3;3
create;0.9392;2335;130;11;83;22;1;12;22
perform;0.9404;79;8;0;5;0;0;0;0
evaluate;0.94;46;13;2;0;0;1;0;0
visit;0.9494;94;27;3;2;0;0;0;0
locate;0.9583;22;8;0;0;0;1;0;0
calculate;0.9708;133;8;0;4;0;0;0;0
compute;0.9795;96;2;1;0;0;0;0;1
get;0.9834;17927;157;23;186;24;1;7;60
contribute;1;1;0;0;0;0;0;0;0
declares;1;1;0;0;0;0;0;0;0
dequeue;1;1;3;0;0;0;0;0;0
improve;1;1;0;0;0;0;0;0;0
indicates;1;1;0;0;0;0;0;0;0
lad;1;1;0;0;0;0;0;0;0
leverage;1;1;0;0;0;0;0;0;0
looks;1;1;0;0;0;0;0;0;0
passes;1;1;0;0;0;0;0;0;0
recode;1;1;0;0;0;0;0;0;0
serve;1;1;0;0;0;0;0;0;0
analyse;1;2;2;0;0;0;0;0;0
examine;1;2;0;0;0;0;0;0;0
finalize;1;2;1;0;0;0;0;0;0
reevaluate;1;2;0;0;0;0;0;0;0
rehash;1;2;2;0;0;0;0;0;0
steal;1;2;0;0;0;0;0;0;0
arrive;1;3;0;0;0;0;0;0;0
crash;1;3;1;0;0;0;0;0;0
decompile;1;3;2;0;0;0;0;0;0
rearrange;1;3;0;0;0;0;0;0;0
solve;1;3;3;0;0;0;0;0;0
uses;1;3;0;0;0;0;0;0;0
populate;1;38;6;0;0;0;0;0;0
goe;1;4;0;0;0;0;0;0;0
mutate;1;4;1;0;0;0;0;0;0
ensure;1;43;1;0;0;0;0;0;0
emit;1;49;4;0;0;0;0;0;0
coerce;1;5;1;0;0;0;0;0;0
identify;1;5;0;0;0;0;0;0;0
prepend;1;5;1;0;0;0;0;0;0
recompute;1;5;0;0;0;0;0;0;0
trie;1;6;0;0;0;0;0;0;0
acquire;1;7;0;0;0;0;0;0;0
integrate;1;7;2;0;0;0;0;0;0
gather;1;8;0;0;0;0;0;0;0
determine;1;83;0;0;0;0;0;0;0
enqueue;1;9;1;0;0;0;0;0;0
WORD;SCORE;METHOD.START;METHOD.SINGLE;METHOD.END;METHOD.OTHER;FIELD.START;FIELD.SINGLE;FIELD.END;FIELD.OTHER
